Var-Fp2	Skew-FT7	Skew-T4	Skew-O1	Kurt-FC3	Kurt-FCz	BIMF1-S-TP8	BIMF2-S-T6	Subject_ID	Depression
-0.31060419990373955	-0.32989032023045445	-0.3321121603496049	-0.3383439674880368	-0.32594568350247793	-0.33008311529736045	-0.3333603154396036	-0.3324731603865637	11	0
-0.309432483605671	-0.32953975516747486	-0.32874864950963234	-0.3366751201840409	-0.32488096760866086	-0.3273612402828498	-0.33602534426036307	-0.3324663962999755	16	0
-0.31635064539885865	-0.3327567619909108	-0.33646517556628863	-0.3340702604102084	-0.32715132131832503	-0.3264853395733368	-0.3375394075320286	-0.33246736008476	17	0
-0.31135781308734356	-0.33057977503533464	-0.33487103739548374	-0.3321246019442445	-0.3207602522271245	-0.3188583572070775	-0.3322277213490385	-0.3325494617867813	18	0
-0.3092569668566974	-0.3285521302016991	-0.33244660389662634	-0.3381555790574016	-0.20929583800858015	-0.3099075257117484	-0.33784637506853415	-0.3324756725907244	1	0
-0.3089188991475962	-0.3295508270610769	-0.3281693312197859	-0.3359192198599296	-0.3157840409166762	-0.32113073864017994	-0.3363247743962075	-0.3324674587404634	21	0
-0.3103998761643404	-0.32546863118144825	-0.3294585960446763	-0.34031485340794804	-0.3275044678321673	-0.32566089120580577	-0.33862516692463324	-0.33247760191838965	22	0
-0.31282695086308676	-0.33324148414307747	-0.33426095153211155	-0.3316243886197171	-0.3276365640357402	-0.3277553400140896	-0.33659727921688565	-0.3324565942537297	27	0
-0.3081309522708978	-0.3291170762320561	-0.3076571063407465	-0.33416491416316746	-0.32623142861696186	-0.330898490230573	-0.33789560318458484	-0.33251448018763896	31	1
-0.31458577549102956	-0.3263246474888284	-0.3318112544492265	-0.3322991375432381	-0.3130054889534239	-0.3205541921429895	-0.34424255256190794	-0.33246244627883925	36	1
-0.31332981492303624	-0.33755451337118325	-0.33306132802916494	-0.3318056759242771	-0.32611049992028285	-0.3215176468769112	-0.33864840558313525	-0.33246085606175985	37	1
-0.3092916381699372	-0.32558416295131226	-0.328236540300703	-0.3367006283893624	-0.31368300019331524	-0.3096248244917683	-0.3344980217291735	-0.3324828882998113	43	1
-0.32813085431876954	-0.3291381132197883	-0.3299715126786638	-0.3337519200446274	-0.326942014137707	-0.3262292763435213	-0.3414319439112334	-0.3324596746311044	52	0
-0.3073614746029708	-0.3145162051497229	-0.32650359997339723	-0.3379103115133223	-0.23888224595185104	-0.2902207960948026	-0.33329736504125745	-0.33245681417880374	54	0
-0.3258972122540579	-0.331234059829448	-0.33268927426820505	-0.33311695595693536	-0.32499340640132945	-0.32354008271043483	-0.33596643560090095	-0.3324584125355895	58	0
-0.31132250046573307	-0.3303096689368799	-0.3346878940662629	-0.33548308158885504	-0.3157309028445842	-0.31238716239838626	-0.33263678247231715	-0.3324941014396573	59	0
-0.3092491374955987	-0.3540637591624105	-0.3292919180887871	-0.33598381681810463	-0.32893568689756736	-0.3294809651707854	-0.3367134387706206	-0.33247562074401255	5	0
-0.309961659343709	-0.32939530783738885	-0.33051199952749494	-0.33813640385197596	-0.32107872862706804	-0.3264249175240928	-0.3396802916506272	-0.33247088832574473	7	0
