Var-Fp2	Skew-FT7	Skew-T4	Skew-O1	Kurt-FC3	Kurt-FCz	BIMF1-S-TP8	BIMF2-S-T6	Subject_ID	Depression
0.15266070983853866	-0.37830873526786046	-0.5325327176414097	-0.30542901261869815	4.297521894562478	1.3809773000291015	-0.4550943911221723	-0.4506163318076851	11	1
0.2881302117652779	-0.16540969344929063	-0.2452975849916037	-0.2703712637186635	-0.11601065669780518	-0.14496929431888217	-0.4562284089323626	-0.45061750337388484	12	0
0.3192796715976535	-0.18378478626521955	-0.17735374235142673	-0.18882481209538374	0.0033003858397053763	-0.04059734022567339	-0.4509096250336611	-0.4506096377819076	13	0
0.2842564689713376	-0.14749863668023136	-0.16051898667481854	-0.3695847968665316	-0.034711887693378914	-0.07090134042922674	-0.4525797567947798	-0.45065257337688475	14	0
0.17176078164781294	-0.1387956964773157	-0.1655596081924751	-0.21494394613828224	-0.03947481372375445	-0.057329793403147096	-0.4549997354472671	-0.45061973713665693	16	1
0.2859679077053033	-0.1072507864782363	-0.19074941638707266	-0.19234044619585158	-0.09890847960306663	-0.12781334611748382	-0.45275290462046786	-0.450609488369342	17	1
-0.005668101063327933	-0.1560240253365569	-0.14812610988343106	-0.18638029928932529	0.011989850790224786	0.062017398977902004	-0.4491226759635037	-0.45063329463796353	18	1
0.32557950041518974	-0.3147118252367229	-0.2456538051046131	-0.2840699745264881	0.5484887118340399	0.24009187316527036	-0.45754932221959144	-0.4506232072682381	19	0
0.22790493042862675	-0.16128914784317905	-3.1519052268627648	-0.3723188634342296	0.15361135543263083	0.022699593873306636	-0.4576783603636524	-0.4506332127583451	20	0
0.2726625977380384	-0.08355566834304654	-0.11916398849342727	-0.34246024690968513	-0.14131522011091568	-0.15482694083852924	-0.45965491104456796	-0.4506298445849275	22	1
0.2095356910738904	-0.14503191904739834	-0.2347872359501326	-0.26713042028291234	0.6859828730127899	-0.07490072129118874	-0.4519268921468562	-0.45066442083182584	23	0
0.34788928508683353	0.17304066459263728	-0.09454127390517414	-0.28370829809115844	0.20128538542033714	0.001470859164211649	-0.4515234827569435	-0.4506183360024481	24	0
0.3081006734125925	-0.04863703266667669	-0.12697377421354042	-0.24644457867607528	0.19846708180129286	0.11469806279691017	-0.4540013735262141	-0.45068902774669434	25	0
0.32209941837180683	-0.22147347682596005	-0.178320419502423	-0.21032836279771133	-0.15408074501687152	0.2566913616963632	-0.4535829567456012	-0.4506090773814839	26	1
0.3055163293869856	-0.22578107981550796	-0.4592345775507305	-0.1313762945912606	-0.1466064467320649	1.8855623150339933	-0.45132264859813437	-0.45060716537612655	27	1
0.290232272105211	-0.09812674011033203	-0.07500377631581348	-0.36716526408157707	0.041365287009716964	0.07134618306002137	-0.4581125455765097	-0.45063650167751257	29	0
0.28524590611910877	-0.19813921534589202	-0.1614783027294529	-0.23701570144543568	-0.13074834338292154	-0.15314756833268214	-0.45183493154642435	-0.4506320295935001	2	0
0.30213925073934533	-0.23569319402808953	-0.15049160895816047	-0.3035032612484161	0.017642987082242986	-0.05157091122812512	-0.4740698214430522	-0.45062798507810337	30	0
-0.037890258501738446	-0.10891019016715722	-0.19304881966678566	-0.287039304427752	-0.06643462503945863	-0.14672296882801225	-0.4564051386669127	-0.4506306486285767	31	1
0.3105119094323465	-0.11284958998772339	-0.18104152875069268	-0.2510274411131923	-0.09567818526139507	-0.09853153409236641	-0.45903248015284126	-0.4508510156578818	32	0
0.25131010359265826	-0.2802229759077771	-0.22076803447151438	-0.289804313905589	0.25109966304613834	0.022470198608318705	-0.45422700035708535	-0.4506258882308321	33	1
0.0486512933378147	-0.20131733061180904	-0.07904192914508175	-0.2707710360107894	-0.12973234219712165	-0.11601825331770493	-0.46489521263988376	-0.4508563692637241	38	0
0.18481361629894402	-0.09364946777161148	-0.12818458766244908	-0.30223163278509274	8.028316244038244	-0.05746835486897211	-0.4521766555638208	-0.4506347571375422	43	1
-0.07279879528904494	-0.2271201253077212	-0.13074731676347848	-0.27236780391790727	0.13921001175389106	-0.065302766862243	-0.45253754404742347	-0.45062161475044143	44	1
0.2506799949954943	-0.09334235400340894	-0.19098403571164413	-0.2101976461538667	-0.007300009867551675	0.014687609568510899	-0.4804433700474886	-0.4506160653190046	49	0
0.2768711902445487	-0.25489086887581275	-0.09867639147800972	-0.3235698772839448	-0.018250036781233336	-0.05451426262489383	-0.4590909870828644	-0.4506527872713991	51	1
0.2258267770680777	-0.18912845027783737	-0.08002049935733549	-0.3075078067077909	0.1554389272067039	0.13460707554877693	-0.4568055206326293	-0.45071070938733887	53	0
0.15931549749451165	-0.49636874978702095	-0.32768322938294664	-0.3012308805892432	2.186363750903889	0.09506154197797363	-0.4504617550007398	-0.45061835866539157	54	1
0.29312554750606745	-0.05440738319887488	-0.306646741130197	-0.29742594367289804	-0.040090767687030834	-0.08438236182506517	-0.4598883811584236	-0.45065678162003286	55	0
0.2793040709065315	-0.12661333972515607	-0.14100967905101539	-0.35890708622728945	0.04218653966794827	-0.008106401241316475	-0.4545828428327314	-0.4506286522153665	56	0
0.24342747256888225	-0.18090365585377918	-0.28356253043101054	-0.2361438863925531	-0.07377953916167417	-0.10973763637876106	-0.45981553324199986	-0.4506334966341183	57	0
0.29091241413657276	-0.3691226057985142	0.0996053678668397	-0.23762380608607334	0.0264684887193922	0.5452230651738639	-0.45346236619076213	-0.4506240575606108	58	1
0.27800933363560454	-0.3889789087482093	-0.17451308459575465	-0.18270976335050257	0.17298342491172167	0.12613496687728648	-0.4513286380781074	-0.4506283022247912	59	1
0.3361043424669657	-0.1730501202168107	-0.16713182001764773	-0.22881250196533498	2.605014351977064	0.7703637635109001	-0.4589089961703374	-0.4506254980771726	5	1
0.305969245033888	-0.21667355285027104	-0.21302738674691304	-0.3103876901899197	0.0024888631244029367	-0.050433544306147354	-0.45428837525354837	-0.45062704569671475	60	0
0.2870241265518514	-0.1119424977816063	-0.38180176683581024	-0.42117445853911234	0.03223428588021469	0.0694661304772709	-0.4543106227939032	-0.4506274427308453	61	0
0.3238680553123111	-0.21345229523895762	-0.23886005952814962	-0.2305141082501176	0.0463670868362691	-0.00732637322426322	-0.4524299282854752	-0.45061380155639225	6	0
0.2522258371299713	-0.06024919804084181	0.1377634847191111	-0.15698238009820192	12.35184206445809	1.4450527821508192	-0.46103400630239716	-0.4506091741325154	8	1
